nationality,count_all
USA || Nigeria,1
,1
Germany,1
Dominican Republic,1
Slovenia,1
USA,115
USA || Azerbaijan,1
France,2
Canada,2
Cameroon || France || USA,1
USA || China,1
DR Congo,1
USA || Mexico,1
Serbia,1
Greece || Nigeria,1
USA || Venezuela,1
Croatia,1
USA || Spain,1
Bahamas,1
USA || Greece,1
British,1
Netherlands,1
USA || Australia,1
USA || Bahamas,1
Greece,1
